446.07,106.32,660.86,265.39
454.22,93.92,677.29,256.86
288.2,349.48,341.56,418.89
509.22,155.88,694.5,357.81
320.85,139.22,507.13,219.33
441.58,285.17,539.52,450.46
251.35,177.06,410.17,216.1
317.83,111.73,521.96,188.28
360.82,223.78,496.31,334.8
446.15,294.25,539.45,462.93
309.13,139.2,495.75,212.41
339.03,278.69,438.46,377.77
304.27,183.04,460.57,255.45
366.87,121.63,566.94,230.79
436.67,255.8,553.74,417.72
518.45,205.23,674.48,416.1
211.29,399.55,225.32,423.56
432.59,291.27,527.67,450.79
364.19,263.63,472.98,378.07
692.1,304.06,577.88,419.94
375.69,116.95,579.83,232.88
360.07,250.54,479.23,358.89
285.17,163.97,454.09,223.39
189.25,378.42,215.28,383.37
345.66,247.47,463.12,349.49
172.73,384.24,194.48,383.61
128.84,315.32,196.83,282.2
77.066,292.92,153.08,226.72
150.98,320.07,212.84,302.19
217.41,229.56,345.5,246.88
255,129.81,446.36,164.95
262.31,421.36,265.28,478.59
428.62,108.02,639.87,258.47
479.88,228.92,617.56,412.07
459.83,51.973,709.01,217.97
126.88,301.15,200.06,267.55
189.31,408.39,196.67,421.62
211.73,194.05,357.26,208.37
210.11,223.38,336.87,236.11
217.81,252.32,326.99,273.49
234.65,330.61,293.05,363.86
125.31,300.75,200.63,263.89
280.9,259.83,388.64,321.62
552.25,219.95,699.07,453.07
387.47,112.69,594.93,235.26
219.29,143.56,397.05,160.43
267.53,55.622,503.96,100.43
18.995,302.94,86.632,200.77
442.41,145.28,630.82,304.17
55.709,306.02,123.02,225.83
442.13,233.07,573.88,395.91
256.67,270.67,354.99,318.41
413.18,145.81,599.62,286.26
230.75,248,343.95,277.55
206.41,411.23,211.94,432.68
169.18,303.43,242.72,296.25
245.36,240.53,362.2,277.82
198.14,384.84,221.6,399.93
148.02,339.27,198.82,320.01
72.488,151.13,240.26,76.193
88.147,179.77,235.83,115.16
366.35,171.41,533.86,283.13
315.31,268.08,419.06,353.74
648.68,316.52,659.94,389.3
205.89,320.34,270.53,336.51
339.43,383.11,369.8,487.38
204.61,458.88,179.93,482.05
36.736,248.49,140.38,154.93
177.67,395.75,192.35,398.43
165.68,322.31,226.63,314.04
206.32,145.18,382.75,156.46
237.63,450.51,219.99,494.44
258.93,414.24,265.24,469.01
314.59,302.01,395.86,386.88
323.82,174.07,489.43,257.25
18.673,170.82,172.7,63.025
315.79,216.98,451.22,299.19
414.77,160.18,592.33,302.2
417.62,137.28,610.68,280.42
535.08,165.62,716.23,384.3
48.39,352.5,86.502,270.68
318.6,160,492.03,241.34
274.55,13.443,539.57,60.636
151.02,463.28,117.23,450.77
281.98,410.37,292.69,480.16
239,164,405.06,194.58
132.11,483.26,89.535,462.72
222.34,267.61,322.31,291.57
498.12,127.74,699.76,320.52
369.36,221.93,505.76,336.76
338.45,255.83,453.9,353.71
290.91,407.47,301.97,482.48
574.12,195.68,737,441.92
498.37,110.29,712.44,304.03
84.337,162,245.28,95.74
116.51,243.3,226.02,199.5
208.3,314.12,277.5,331.55
323.15,318.26,395.88,407.31
549.43,169.31,728,397.39
473.94,75.453,711.39,252.57
489.59,257.33,608.3,450.88
527.98,136.4,726.83,349.66
261.44,160.76,430.97,203.04
449.44,66.166,689,225.2
118.32,75.516,335.66,26.548
78.026,283.09,159.81,216.38
36.544,311.52,100.41,221.13
26.169,300.66,96.469,203.07
124.32,197.03,264.63,154.65
401.12,72.415,633.67,200.99
269.32,231.14,394,283.7
157.94,469.37,125.61,462.81
273.11,423.22,275.4,488.07
77.581,464.14,45.524,406.65
301.18,278.91,395.96,353.72
253.3,204.14,395.84,245.43
181.56,90.909,391.55,84.418
487.19,102.75,705.63,287.24
241.22,439.42,231.03,485.27
152.3,392.4,169.22,379.16
200.1,397.42,215.33,415.32
81.39,375.75,107.26,311.27
59.554,110.86,253.5,26.71
113.33,468.99,77.405,433.98
400.16,157.94,577.88,291.13
493.48,247.75,619.88,444.03
363.06,297.85,449.13,412.91
131.82,464.32,100.32,441.71
99.742,388.11,115.42,338.28
326.47,229.38,452.27,318.7
74.373,454.21,49.765,394.24
541.23,217.35,688.66,442.88
313.01,209.46,453.01,289.45
215.65,172.4,376.41,188.6
70.374,358.03,105.6,289.8
184.22,131.3,369.15,126.45
71.725,125.59,256.38,47.994
286.85,175.01,447.87,236.25
219.1,404.59,230.29,434.75
266.26,124.19,459.8,170.33
269.58,320.6,335.47,374.33
182.46,433.05,176.24,440.83
372.22,187.49,529.2,303.5
323.79,242.38,444.3,329.97
149.12,479.34,109.44,466.47
133.97,69.573,357.89,29.018
522.17,452.69,746.06,222.36
203.72,286.5,288.3,301.28
409.96,67.461,649.31,197.5
222.27,298.04,300.31,325.75
47.073,107.02,242.41,15.092
281.6,245.17,399.93,307.28
103.17,354.9,142.69,308.55
76.394,487.02,29.501,427.71
176.25,242.75,288.59,237.05
337.96,177.61,501.04,270.82
114.53,456.76,91.322,421.36
